bids_name	cjv	cnr	efc	fber	fwhm_avg	fwhm_x	fwhm_y	fwhm_z	icvs_csf	icvs_gm	icvs_wm	inu_med	inu_range	qi_1	qi_2	rpve_csf	rpve_gm	rpve_wm	size_x	size_y	size_z	snr_csf	snr_gm	snr_total	snr_wm	snrd_csf	snrd_gm	snrd_total	snrd_wm	spacing_x	spacing_y	spacing_z	summary_bg_k	summary_bg_mad	summary_bg_mean	summary_bg_median	summary_bg_n	summary_bg_p05	summary_bg_p95	summary_bg_stdv	summary_csf_k	summary_csf_mad	summary_csf_mean	summary_csf_median	summary_csf_n	summary_csf_p05	summary_csf_p95	summary_csf_stdv	summary_gm_k	summary_gm_mad	summary_gm_mean	summary_gm_median	summary_gm_n	summary_gm_p05	summary_gm_p95	summary_gm_stdv	summary_wm_k	summary_wm_mad	summary_wm_mean	summary_wm_median	summary_wm_n	summary_wm_p05	summary_wm_p95	summary_wm_stdv	tpm_overlap_csf	tpm_overlap_gm	tpm_overlap_wm	wm2max
sub-189_T1w	0.45196329055906603	2.9756873826550683	0.5602562258980036	1580.0017207679864	3.6404266666666665	3.60437	3.58176	3.73515	0.19441088304981946	0.440646515173467	0.36494260177671356	1.1272910833358765	0.3800606399774552	0.0	0.0037498668647094517	28.148663792891586	13.581633919683757	18.94698044507059	176	256	256	2.8890396282227875	11.47920251611974	10.679409953289884	17.669987715527125	23.788680103934407	49.40012664090931	46.6179748450239	66.665117790228	1.0	1.0	1.0	72.57800963380774	9.827855521368217	18.153551110833224	16.098484694957733	2960657.0	3.2552083022892475	43.027935195714235	14.316930025274008	0.08008552779725742	120.25960707174234	385.58641035264105	356.8596083391458	13528.0	226.64239840675145	608.1705671167001	123.5173152154785	0.11582748361764628	62.56483023871017	742.2212784768867	741.0629664175212	19685.0	635.7244257554412	849.3607873544097	64.55536803195635	0.25487529767836126	54.49194891758628	998.1274009355028	1000.059176068753	197734.0	901.2192148901522	1087.6745871650041	56.59634083319378	0.16041357815265656	0.4482179284095764	0.4913980960845947	0.3856368585487781
sub-203_T1w	0.561339457676095	2.3694435173711423	0.6206980579509743	1570.447018811776	3.524286666666667	3.43011	3.63861	3.50414	0.19723739051747452	0.3957880519988451	0.4069745574836804	1.3309524059295654	0.45996186733245836	0.0	0.0036896453003336686	24.006270861787186	12.45713737360444	14.801383713503295	176	256	256	3.1462580046474837	9.744715775168721	10.048035512380716	17.253132757325947	27.852211006683188	51.62890321949121	48.94928077091885	67.36672808658214	1.0	1.0	1.0	12.391132754259232	9.725415992807994	18.11761652161575	16.29831514880061	2866634.0	3.279846701771021	42.38571122288704	13.294682449300836	-0.7588307421943536	161.1800673577294	421.3158776092189	413.4625211432576	22944.0	230.40418488141148	630.4369952604175	131.41119074807648	0.25722722133161113	75.63381206714524	770.7002036308456	766.4244854338467	12573.0	649.2885449185967	908.7193731106818	78.64713794921856	0.4764861641806406	55.50968205125793	1001.6368134177175	1000.0504889599979	276458.0	909.5267199911177	1099.2532368935645	57.96330987190864	0.16472938656806946	0.44304680824279785	0.5127375721931458	0.4187776305889475
sub-207_T1w	0.7333833403956282	1.8160363480169535	0.6336248632974915	123.19711209320845	3.152486666666667	3.08788	3.15343	3.21615	0.20299418710533018	0.4033756276705018	0.39363018522416804	1.31650972366333	0.46334962248802203	0.0	0.001798531936258105	29.782586216751277	14.965858883208705	18.124872251630276	176	256	256	2.7357116373152155	9.295333185256023	8.18899137090724	12.535929290150483	5.903152117582403	12.522957748452795	11.519883856815964	16.13354170441269	1.0	1.0	1.0	3.1838985860031075	40.60912572110683	69.53317193675066	61.75298988819122	3051897.0	13.595617935061455	150.54781325161457	43.01671169914403	0.3207807729756955	139.3631359974348	382.10328995062235	365.91136548668146	18792.0	187.4551848694682	613.690257333219	133.7500723899721	-0.2411956933175774	85.4268335624011	776.4563139631126	776.2450430542231	12467.0	639.7061943635345	915.2739316597581	83.50576520171875	0.15059836906577573	78.70786912490888	1001.0426820803174	1000.0498306006193	194593.0	871.4143685996532	1133.5159700363874	79.77448164050513	0.17470622062683105	0.446308970451355	0.518256664276123	0.4413325844092935
sub-208_T1w	0.49941892912833563	2.7212092029667203	0.5914067146775555	1478.1794196787382	3.483636666666667	3.49946	3.40426	3.54719	0.211893888338973	0.414222513517942	0.373883598143085	1.436316967010498	0.412454754114151	0.0	0.004058019326042661	22.861831729971637	12.15743075070253	16.17826534158823	176	256	256	2.8553927934504455	10.130964474481527	10.313079952624275	17.952882589940852	23.817481391729203	50.38789245081412	47.250524772126234	67.54620047383537	1.0	1.0	1.0	67.34571801247264	9.69971971520607	17.702484169760343	15.897938512265682	2761468.0	3.205757148563862	41.80569016188383	13.783133102003944	2.358712502975046	129.20026660654486	379.5926928274716	352.6332863420248	25649.0	214.45861087739468	594.5174767434595	123.49488759397771	-0.07915832645714183	73.32988104695788	746.978196055809	746.0254850015044	16281.0	626.1039981991053	870.3957776427269	73.63588882435121	0.3284568226080471	53.5424528279375	999.3178037124022	1000.0653831213713	233398.0	906.4441896602511	1088.9760762825608	55.70488392075389	0.17323270440101624	0.4445092976093292	0.4934185743331909	0.42841928251121075
sub-209_T1w	0.5201195971487259	2.609250923402362	0.6119806488959886	692.9157634554281	3.579606666666667	3.54044	3.55284	3.64554	0.206736472319949	0.4236340485826818	0.36962947909736926	1.4363882541656494	0.497688889503479	0.0	0.002683126631195271	26.247161552036303	13.369876815495994	17.76277098847102	176	256	256	3.198897977449616	10.621678413224723	9.587188454349297	14.940988972373551	15.372869055690852	33.65544571882967	31.47015021850537	45.3821358809956	1.0	1.0	1.0	155.3661459538057	14.436819353112712	27.539151462541618	22.322191685438156	2868918.0	3.188884526491165	63.20824686437845	21.290630800671455	5.70474561474942	97.25857248412774	356.7318913732157	338.7620365731418	21162.0	214.3385956734419	555.3214625418186	105.89710420560634	0.0021935755275546143	69.31361806377507	742.1600749456602	741.6434298753738	15425.0	626.9688645280897	857.0127164945006	69.82129945270167	0.1709668756486118	65.09232585526257	999.3117865021089	1000.0569652542472	205602.0	887.6487856954336	1108.419247570074	66.93362367638026	0.174330934882164	0.43972134590148926	0.5036550760269165	0.4525705450328566
sub-210_T1w	0.44677209154110803	3.0302479190680125	0.5804120737858317	2267.869155110399	3.876476666666667	3.84967	3.84255	3.93721	0.2242912135337157	0.39090430435211393	0.38480448211417034	1.428036093711853	0.4915982484817505	0.0	0.006775742209688413	22.560141144262612	13.029124375963585	16.244283179262986	176	256	256	3.108709034396689	11.435745395625952	10.891343870843157	18.12957718250683	22.55314859316637	49.89164782191193	46.64432326748883	67.48817338738819	1.0	1.0	1.0	158.144196781497	9.707424903516918	16.443627970004613	14.820830315351486	3665312.0	3.045376092195511	39.488376662135124	13.50706426948505	0.7902884078764347	100.53581140386513	354.53320888810214	334.17926985025406	27351.0	212.61800750344992	558.1413032971323	107.4957987415502	0.12426153164975906	62.75963077157449	738.1350673567142	739.2650463804603	14381.0	629.5299945250154	843.9752276837826	64.64286476487024	0.19858210571298196	53.72946807062852	1000.1036970811003	999.9999961405993	247797.0	909.1462760567665	1091.0059850290418	55.158372878259	0.17748144268989563	0.43675491213798523	0.5083838701248169	0.4513010811801356
sub-211_T1w	0.48594990466608856	2.7822915973295426	0.6189599968415799	1445.6577964111375	3.4415999999999998	3.3951	3.48885	3.44085	0.18746506740707045	0.43087195970146747	0.3816629728914621	1.3466366529464722	0.428261935710907	0.0	0.003514560557457887	26.96051553479436	12.860818324609106	17.02727138934684	176	256	256	2.245391902218594	10.804586472199684	10.154860693897787	17.414603707275084	21.5663341606206	49.04489614558132	45.440278350949036	65.7096047466452	1.0	1.0	1.0	91.66568438438885	9.970176520676572	19.43701531298136	16.625155180692673	2641072.0	3.36239093542099	46.32627511024475	15.471501180509511	34.71178467057266	100.9480372718503	362.5554046409009	328.2067151963711	15282.0	213.88853671699763	592.7708419650792	146.16422921692413	0.062184236432950346	67.76027376089448	746.9484600277265	746.3885211646557	21811.0	633.4682255834341	862.3287419378757	69.07912787961347	0.2951077121794419	55.48218600857981	999.6407944062466	999.9999707937241	227590.0	904.7944941222668	1093.2751860022545	57.4229417256585	0.16408012807369232	0.44354042410850525	0.48986557126045227	0.3957435879712785
sub-212_T1w	0.44456734149146393	3.0494139735597803	0.6113806870089018	1362.8145340592778	3.854366666666666	3.81457	3.85328	3.89525	0.2197530230009783	0.40740108092283533	0.37284589607618634	1.4270306825637817	0.4791932702064512	0.0	0.0026975949020781424	23.398314307925208	12.727017946645471	16.775888243793357	176	256	256	3.222676338045961	10.797400225901349	10.098329648561522	16.274912381737256	23.758018154557064	48.650747623958644	46.67227661346052	67.60806406186583	1.0	1.0	1.0	68.43908130615442	9.690210486921309	18.468488038169276	15.976760923862457	2800553.0	3.146937757730484	44.944726437330246	15.440684843048379	-0.22445464832114537	115.08620356071975	361.61232737877725	351.4080496132374	17963.0	197.61962211430074	552.5699939727783	109.03926773147826	0.032705745279492326	65.31919661554365	719.7700059884663	719.599767267704	18703.0	609.2955643236637	830.0572825640438	66.64386930245813	0.2983916285833246	59.33758520386382	1000.0442006229265	999.9999905526638	229688.0	899.136600881815	1101.024761646986	61.44412886710492	0.16041338443756104	0.4405909776687622	0.5050655603408813	0.3549172346640701
sub-213_T1w	0.4014344513613113	3.317646677072851	0.5731853758951472	2273.725112915039	3.6385566666666667	3.58201	3.64841	3.68525	0.18306739416477044	0.4562227516222508	0.36070985421297874	1.1493902206420898	0.3624253988265991	0.0	0.006640060971104336	29.99937693236051	13.418875894126886	19.048643011818555	176	256	256	1.9509960372502009	12.391130800690762	10.289131091480634	16.52526643650094	27.95444796161671	52.022043582345646	50.8179487806431	72.47735479796697	1.0	1.0	1.0	197.34656393020907	9.03918719780574	15.8757003453224	12.134485617280006	2690507.0	3.0188232511281967	39.00793181359768	14.821782329869023	62.05543573170354	126.37310257126471	405.99202644527725	385.69906479120255	13204.0	227.8412454329431	579.8241979919371	197.68592645173686	0.09683704781522273	56.51685976103783	717.6693508212024	717.7696224153042	21558.0	619.9745472319424	813.0105363577604	57.92473555155424	0.393939888576325	56.78013705806129	997.6824796605767	1000.000000089407	182410.0	892.2102522403002	1093.050787359476	60.51323062477641	0.16693276166915894	0.4587785601615906	0.5006550550460815	0.4292302115414473
sub-214_T1w	0.5346839530932104	2.503539090744886	0.6323056813530755	650.0213205574212	3.2467799999999998	3.23084	3.21918	3.29032	0.19814430060172117	0.4176797384477705	0.3841759609505083	1.131891131401062	0.40378389358520494	0.0	0.002702987150477122	27.408705619956542	13.577473883732477	17.490014017021977	176	256	256	3.191999096900264	9.995879051993096	8.934339357976986	13.615139925037601	12.887865915007037	24.5119013121452	23.599898009697554	33.399926801940424	1.0	1.0	1.0	77.54283581638921	19.614904227850126	29.971245519536346	26.802851162850857	2357388.0	6.717850163578987	67.65834807604551	22.669287681679783	-0.3608089691104097	129.47869422943555	399.27044745332387	385.8650874570012	10811.0	220.11241709440947	609.7820013277233	120.8794956962881	0.07661022315657418	72.1584559677388	736.3056265081376	733.8908556252718	9176.0	619.7388149630278	860.3132552597672	73.41534056435407	0.33105914906965417	70.1258234052673	1000.2118941967179	999.9999814927578	208125.0	879.4899754971266	1121.6067793518305	73.44746984557725	0.16756132245063782	0.4418201148509979	0.49833834171295166	0.36742199995891967
sub-215_T1w	0.4559356754036379	2.9503319606536786	0.5847758739764515	1641.4775022956842	3.6028800000000003	3.46039	3.6732	3.67505	0.20237187009170066	0.4403027860851609	0.3573253438231385	1.4596939086914062	0.41834450364112863	0.0	0.0029236671470916353	26.089201503588107	12.852067334587804	18.071838862798565	176	256	256	3.352882039215657	11.971128669977576	10.811516902516813	17.1105399983572	23.280767598302774	52.807473699199896	49.01423282798998	70.95445718646725	1.0	1.0	1.0	145.60001590618512	9.233195532473982	17.955739869351767	15.324329987168312	3228312.0	3.0088867098093033	42.96410325169563	15.300135135000628	0.8375133742155891	82.68378471215465	348.1233896116758	328.10859958827496	20756.0	222.65761652588844	543.6288569420576	97.85631934250446	0.11857551194471361	59.96389907606698	743.8556880862227	744.2446289658546	20050.0	640.333076313138	846.546777099371	62.168412815112774	0.24523278488810174	56.64409843517746	998.160077899552	999.9999992996454	203563.0	898.6774886995554	1090.966341689229	58.443365501649474	0.17586180567741394	0.4444828927516937	0.5040024518966675	0.3801016986816849
sub-216_T1w	0.5489251997102569	2.483415485434468	0.586404508841352	789.6100000000001	3.4139866666666667	3.38342	3.40307	3.45547	0.1947343771381636	0.41236164450759055	0.39290397835424584	1.3073058128356934	0.42049528956413273	0.0	0.00388364657361637	27.804088846591778	13.758571513243282	17.266890679787867	176	256	256	2.9451201506869062	9.360683301853248	9.140722422395216	15.116363814645496	17.97977887314007	36.16702709638231	34.33033955976352	48.8442127097682	1.0	1.0	1.0	19.264089873262506	13.41351375219319	24.376151847376597	20.90803772956133	3479791.0	3.0341479554772377	56.43515197187662	17.01361069296985	-0.4710137861152144	137.07956736997428	383.6480095536272	368.12489648908377	16569.0	203.5306448534131	603.1113806918263	124.99109328048361	0.036663069090547395	77.78202181912026	743.9045384406958	740.4976001158357	12812.0	620.8721794966608	880.7855683118105	79.10412916226376	0.15319180414246247	64.69566693893178	999.8565500073416	1000.0551661252975	216305.0	890.1638438105583	1108.4018312990665	66.15697178943162	0.16943587362766266	0.4433721899986267	0.496757447719574	0.4637028700056275
sub-217_T1w	0.4735850601621388	2.858775416553633	0.6205242098030311	655.4012909729448	3.65095	3.64322	3.5931	3.71653	0.22295910383217693	0.4103884625932994	0.36665243357452365	1.2160756587982178	0.46165691614150983	0.0	0.0019619029106694797	24.492700675281117	13.158347700334271	17.221409281367304	176	256	256	3.2563937358255375	10.532201388426088	9.698859703124443	15.307983985121702	13.402258909103784	27.739532652025908	26.545993619332098	38.496189296866596	1.0	1.0	1.0	277.72506035131676	17.01821375821578	29.475749048773167	25.67895393818617	3060906.0	5.7393053732812405	68.10247922316194	24.609632121934073	1.0116979738733978	104.3023513325699	361.9636414420615	348.1450805813074	30002.0	210.1059111393988	556.298444531858	106.90945467425001	-0.05725572256463041	68.73077566784568	720.3106536933415	720.5786648299545	10588.0	604.9346199631691	831.1727126492187	68.41348825101757	0.20200362147484574	63.59899471498164	1000.2900294971965	1000.0000011734664	196190.0	893.20158675313	1108.4551222994924	65.32522202742497	0.159145787358284	0.4257536232471466	0.4846777617931366	0.3931211817965527
sub-218_T1w	0.52096166864491	2.5752502930079118	0.5885708518429679	1530.5104725897922	3.5590266666666666	3.54718	3.52029	3.60961	0.20658271762135721	0.42283362349256504	0.37058365888607775	1.5037420988082886	0.5468572854995728	0.0	0.003305013668585469	27.652781331312244	14.11545718315485	18.734678222639477	176	256	256	3.1210955911613536	11.555430697041329	10.215269366910066	15.969281812527514	25.74903337151819	50.764091969793576	47.70461549153145	66.60072113328258	1.0	1.0	1.0	89.48875586118088	9.836776216641901	18.99700547475632	16.080967403948307	2843816.0	3.2049480490386486	45.768907226622105	15.931320641165758	5.672864605740658	122.20944011522904	400.8118977042959	386.61794359982014	14315.0	226.69103595279157	603.4073768958449	123.8681828630512	0.15855105028063932	63.939045408172355	763.0283232400452	762.2153640836477	12644.0	655.1672878878192	872.5892767198384	65.95904921977629	0.3690007643462416	59.93764491326717	1001.35771567589	1000.0000184588134	186369.0	900.4779474623501	1107.0565287284553	62.62005689079116	0.16140492260456085	0.45090198516845703	0.4976983070373535	0.41677407259859867
sub-219_T1w	0.535835174169253	2.565025013219365	0.5839321216143889	2145.2336111111113	3.3122133333333337	3.25048	3.36996	3.3162	0.1926362788262419	0.45246988239448976	0.35489383877926833	1.2999420166015625	0.4861205160617825	0.0	0.005154066826267294	26.391709753786788	12.385077130904653	17.812769532343882	176	256	256	1.9910854044256523	10.425803502404992	9.375801192603346	15.71051467097939	24.082611054716914	49.5092822065243	46.49742150950535	65.90037126727485	1.0	1.0	1.0	97.41248107709318	9.942009650444822	16.499107311719527	13.411567211151123	2973985.0	3.3528918027877808	39.8155901581049	12.60949614629501	32.41301533143674	133.59575467785228	401.53396524421805	365.4652065038681	14763.0	219.54456117004156	630.2668218202889	183.54452688974442	-0.01818617175149173	71.14750656099575	754.5505524480806	751.3271714746952	23485.0	640.4023343324661	879.3657271936536	72.06266406579202	0.2536067502098498	62.13756031528014	998.7762796380769	1000.0698320940137	187000.0	891.5199599787593	1101.1455495655537	63.65591319259987	0.17663021385669708	0.45717284083366394	0.4760754108428955	0.40319355656312483
sub-220_T1w	0.4632719181655589	2.857911526226612	0.5735198643726439	314.819765615617	3.3223633333333336	3.26371	3.31877	3.38461	0.1926274308881845	0.44965424801910875	0.35771832109270674	1.3984004259109497	0.4280068397521972	0.0	0.0029272943467904796	33.18608568311198	15.409856032443393	21.871702713375722	176	256	256	2.8991440875539443	10.821244580433943	9.37016536331776	14.390107421965395	7.632798602275917	17.037715309527353	16.191155582071403	23.90295283441094	1.0	1.0	1.0	25.866020514543685	27.40993090597816	43.911973368548374	38.25486171245575	3340392.0	7.676560878753662	97.68423718214035	30.532923410062622	0.9163821802571572	97.87906122826804	343.6303211686242	319.34493255615234	12125.0	202.34135049581528	556.4227210283279	110.14691018370374	-0.0031705491970512867	64.87333127920091	712.2871271955402	712.8326489329338	15419.0	602.2901722788811	820.6243579387665	65.87130785758234	0.07998840525162043	68.19287308442318	998.9056327615385	1000.0639684796333	152562.0	882.2287589907646	1111.5660152435303	69.4964020478407	0.17065748572349548	0.4583079218864441	0.5024520754814148	0.3846056147179354
sub-221_T1w	0.579236823536525	2.2794921036148175	0.568612399256635	522.4075600391545	2.8045833333333334	2.7431	2.7511	2.91955	0.18803586120005195	0.4385737981394262	0.37339034066052185	1.313225269317627	0.374202585220337	0.0	0.0029715749982332546	30.21846320905396	13.608013241867246	17.972427927355355	176	256	256	2.3470065035281356	9.587997378888584	7.999780715354052	12.064338263645437	8.335435254707294	18.479218076914425	17.397877104264865	25.378977981172877	1.0	1.0	1.0	13.184636729495772	25.814136101086607	41.45954617278877	28.039997808635235	3854670.0	4.5451368018984795	117.33445467054844	39.84177319850971	57.27629239386302	100.25007875401907	346.88024925987634	328.4385778233409	17925.0	187.8190376907587	541.1369951158762	139.93545213242703	-0.13313744523087756	76.92405215665165	728.5487121376412	728.1309156641364	15901.0	603.2445413842797	855.6744468435645	75.93953051642687	0.2920385575843838	80.5525451829088	1001.8410021568593	1000.0000215992332	174924.0	868.9602313414216	1140.899262458086	82.88868741555893	0.1516483873128891	0.42606791853904724	0.4816267788410187	0.37388399021092367
sub-222_T1w	0.3840799225476469	3.483078626120638	0.580448782422417	2399.9071875734166	3.6693199999999995	3.54967	3.7125	3.74579	0.22100241572049428	0.41586830228569494	0.3631292819938108	1.1682287454605103	0.3380677938461303	0.0	0.005571189363679641	23.11995838005475	12.522634375413379	16.913147086632787	176	256	256	3.6304162326302403	11.273716388673162	10.85463133043637	17.659761370005707	22.99836166132582	53.2059589119162	50.665132974950644	75.79107835160994	1.0	1.0	1.0	302.7484404273247	8.643977388953026	14.914026429102861	11.606564279645681	3188291.0	2.861153054982424	35.84538921713829	15.356314171589663	2.438962678505308	65.14997772784966	319.7280451177955	303.4441758878529	33308.0	213.99265490472317	487.7267254376783	83.58259805082673	0.1419059840963217	60.26773123964471	699.9576348087529	702.0081948488951	14392.0	593.2897771615535	798.9338033879176	62.26729335648569	0.3373161726694689	54.18493233630739	998.0891274225522	999.9999847263098	215630.0	901.3171963393688	1087.8319851122797	56.625774549552865	0.16761504113674164	0.4225510358810425	0.4835244119167328	0.42530461432773725
sub-225_T1w	0.5201203587065107	2.621033839193105	0.57574222964684	1418.898506841716	3.653486666666667	3.59932	3.65818	3.70296	0.1982515098144069	0.41245021766539913	0.38929827252019394	1.2792744636535645	0.4447556436061859	0.0	0.004090864327348413	26.06742995303262	13.249496611449294	16.668359735997612	176	256	256	2.927408221670286	10.668117631621076	9.962745917479275	16.29271189914646	24.63963229503147	48.420393850806974	45.833408798023925	64.44020024823335	1.0	1.0	1.0	156.21738030082489	10.167561085607593	20.407676641274104	16.710132710635662	3309667.0	3.380662687122822	47.52245834469795	16.381420974399536	-0.4411135763311269	145.20995691276198	403.96826004018834	382.40124509483576	20893.0	223.37487229257823	629.9043899372218	130.6247931991303	0.13406213028313152	68.16562079928471	753.1509022723577	751.4730201661587	17205.0	639.6213804036379	873.7371010050176	70.43896655432577	0.051699176822913806	61.14857159935834	1000.3463974719667	1000.0966132134199	237635.0	899.8358169496059	1101.4199034646153	61.382937053785156	0.1820705384016037	0.4534379243850708	0.5137725472450256	0.37281261989077913
sub-226_T1w	0.4668060200172849	2.9245727326458972	0.6240615944513889	1064.714025112073	3.440266666666666	3.39809	3.39378	3.52893	0.20499496860970354	0.43256219305370985	0.36244283833658664	1.283738136291504	0.3677388787269591	0.0	0.0025555882980609714	25.71716141668613	12.835559731070726	17.629664533912333	176	256	256	3.173650575169485	10.869831755436866	9.965301542786568	15.852422297753352	16.378480992537828	34.322763980256696	32.67370870925826	47.31988115498026	1.0	1.0	1.0	121.86927031664113	13.84484399445954	22.0207387673294	16.950872786343098	2684909.0	3.349573664367199	52.67965853959322	19.710291896256543	2.6636142166054757	100.67609382927643	361.1775986379175	346.12261198461056	18385.0	208.50588549524548	560.150218914449	109.05838260362815	-0.03789011979442192	66.9669084514619	724.6395398919211	725.3349516838789	14536.0	611.830080466345	833.8662135209888	66.72688390837058	0.23815970104424355	61.248385932011224	999.7662470994767	999.9999921619892	193217.0	895.1481862440705	1102.9232556670904	63.08167834617723	0.1742384135723114	0.4494558274745941	0.4954169988632202	0.3883632923368023
sub-227_T1w	0.5242764027889161	2.5941915068122143	0.6002572053208555	729.138113957915	3.468133333333333	3.47658	3.41303	3.51479	0.1933730189976979	0.4337728922269694	0.37285408877533266	1.2759790420532227	0.41624882817268394	2.4393830730511593e-06	0.0016628446022174247	29.513687144362216	13.701330821152913	18.261362150091713	176	256	256	3.531101388247296	10.663759658367265	9.224817803117965	13.479592362739332	19.89136957778715	34.99346084483767	34.23594752201564	47.82301214342212	1.0	1.0	1.0	20.331264521021254	13.69918712787612	26.084753931864007	21.119911551475525	2655975.0	3.0568293035030365	66.27761717140675	21.963934847091934	-0.2808952545621053	126.58872917413346	414.9576652916691	415.93720545619726	14824.0	223.33959098719063	604.7554673317819	117.78851137532786	-0.1443180241623696	68.75343915682188	731.0774726579862	731.7285145260394	14538.0	617.3996249053628	845.1438290253282	68.6158889049828	0.32798045378476504	71.8949820696055	1001.418650105405	1000.0000226050615	180290.0	882.2426210269332	1125.816337801516	74.18601559908488	0.14606696367263794	0.44555285573005676	0.48934394121170044	0.3766896026250368
sub-228_T1w	0.4871220598924311	2.8103533521422066	0.588143367954251	1151.5574100334845	3.6181966666666674	3.54496	3.59513	3.7145	0.21675528164928395	0.41313928063574323	0.3701054377149728	1.4589022397994995	0.4551396667957306	0.0	0.0029794717348594086	24.799764303710266	13.392134003160718	17.76356081337747	176	256	256	3.193320305786253	10.600200594843617	10.098171712006627	16.500994235390007	16.927509252292197	36.013445889163826	33.93621918484416	48.867702413076465	1.0	1.0	1.0	53.999189821567136	13.40632684276045	21.02847625915049	17.273359954357147	2889213.0	2.724321871995926	49.095757991075516	15.959583400323835	0.7197348713973688	108.88343660113775	362.16132475456556	346.39462780952454	23687.0	210.3524270951748	558.3700551688671	108.47246209232648	-0.09425662762749454	69.26602202092899	737.4772156635386	736.9580485224724	15694.0	621.956886947155	854.1647515282033	69.52081355257774	0.2518551491925467	58.86752491853146	999.4285068013451	1000.0000199079514	215791.0	898.852324873209	1097.959678709507	60.602269692557336	0.17633268237113953	0.4351435899734497	0.5064624547958374	0.42705084410119315
sub-230_T1w	0.463241969118007	2.957291816520385	0.5459553186084299	2337.0497166975633	3.6966099999999997	3.67381	3.67292	3.7431	0.204308044358808	0.43612470419911303	0.35956725144207896	1.2818230390548706	0.4009952366352081	0.0	0.0031272762263293732	30.002241043027503	15.008007589882792	21.073169117525403	176	256	256	3.103704370064014	11.672917594542321	10.68626987407299	17.282187657612628	26.655509128334195	53.14709400267062	50.49817308661958	71.69191612885392	1.0	1.0	1.0	272.7300792022013	9.13867246275089	17.02220600199281	15.161306262016296	3378073.0	3.0322612524032593	39.66794228553772	16.425056797166036	-0.2748830565631648	131.7000620236761	391.09557913227	371.8248224258423	14928.0	225.48093509674072	598.8964519500732	119.79632205432696	-0.04473625814972504	63.30741649599205	741.5124596201023	741.3630216121674	21299.0	637.2669840931893	846.2991446256638	63.50988188673533	0.11918838917220942	56.52711112040268	998.3526939999873	1000.0497028827667	167897.0	899.4382803440094	1091.0175404548645	57.86574851092547	0.17250202596187592	0.4662628471851349	0.5212201476097107	0.44280588999185616
sub-231_T1w	0.46093393052776527	2.946913550652611	0.5491445853165118	1267.047542771789	3.4034433333333336	3.36925	3.38837	3.45271	0.1946765487927408	0.44923742819437057	0.35608602301288866	1.3612401485443115	0.45732629299163796	0.0	0.0032862327792640184	30.447930063240687	14.354099199661157	20.71982760179196	176	256	256	2.8124425113808247	10.665489664053288	9.621267257236712	15.385869596276024	16.85046302544107	36.231114069271015	34.48758649126954	50.38118237909653	1.0	1.0	1.0	173.99851720040894	13.00359313660794	19.735300435314663	17.671518206596375	3141956.0	2.98856557905674	45.47817185521126	17.69117098528628	35.28873277114812	96.80452668363688	358.25251277731815	334.4594695866108	12368.0	216.28119157999754	562.5000170320272	118.91654559965761	0.0037557606352236483	66.46280936488502	718.2312738067445	719.139834664762	15358.0	606.15906201303	829.7167610898614	67.42460443789975	0.22007211397265536	62.995184528456235	999.293675649037	1000.0000302791595	164121.0	890.4626049250364	1104.6647943630815	64.99450534688813	0.17088662087917328	0.4531281888484955	0.5007612109184265	0.4176820167702369
sub-232_T1w	0.48289130979824074	2.852641861634853	0.5848701527074985	1645.7931368251882	3.734156666666667	3.62384	3.77842	3.80021	0.21592854201535336	0.4153011347687954	0.36877032321585124	1.3784586191177368	0.5156009197235107	0.0	0.003340788791096362	25.799888698128598	13.693627996979991	18.22130037815935	176	256	256	3.051118574327243	10.913442792265137	9.915976629573587	15.783368522128377	23.03866300670281	52.87127362746566	49.323323206789865	72.06003298620112	1.0	1.0	1.0	95.20014729584662	9.09223244834894	16.744778524757553	14.948255382478237	3431263.0	2.9896510764956474	39.70869891345501	13.422046484738837	0.819201855395522	89.61531606903924	341.0779759768401	319.739349745214	18182.0	207.3591323569417	554.6147706639023	104.79125903870194	0.11356565752539716	66.31647042014507	735.0634350204607	733.7676949799061	13176.0	625.8336253464222	847.5469157565385	67.23266558136093	0.1588908957358366	62.281792271190234	999.4344285020679	1000.0766139477491	188352.0	894.135645031929	1102.4146700277925	63.362517179687636	0.16691121459007263	0.4236953556537628	0.4862808287143707	0.42620058804312316
sub-233_T1w	0.4178141731043107	3.259214437751661	0.6193427545833297	1351.9763313609467	3.53908	3.4514	3.59098	3.57486	0.18224510923634438	0.4535694737038314	0.3641854170598242	1.277080774307251	0.36260160207748404	2.068993809071111e-05	0.00265457481626592	28.947228411622937	12.881044524658174	17.852184434607295	176	256	256	3.1604236231665	11.58276289251947	10.485701617170484	16.713918335825483	23.067844866732983	52.161719389278055	49.42960644128278	73.05925506783731	1.0	1.0	1.0	321.9778105977157	8.967192170735744	18.876155716269675	14.665738962590694	2578952.0	2.8903281167149544	43.6760693192482	17.976666646221567	3.2412500902710937	85.54542619516046	337.4351194451642	315.7415844537318	17908.0	208.4435055801645	527.7685616526751	99.90204046030618	-0.02014449118263295	61.6593656341741	714.0366262273014	713.9645694233477	24437.0	612.1072656065226	816.2072503224016	61.639003373311596	0.2368201072007201	57.85029285368458	999.434557609364	1000.0000037886202	192563.0	899.9625361934304	1096.8795202933252	59.83021976893212	0.1586182564496994	0.4516940712928772	0.49906378984451294	0.44521494614431417
sub-234_T1w	0.42945147134298023	3.155663274871651	0.6254820452550969	2055.7156	3.7543699999999998	3.7419	3.79912	3.72209	0.2040318340292768	0.42012847832136657	0.3758396876493566	1.3764064311981201	0.39283102750778154	0.0	0.0020704440860383868	25.264615038161704	12.890019823506117	16.995598421666752	176	256	256	3.417955366659356	11.06178732025787	10.483552994705358	16.970916297198848	26.267475870078588	52.899095876050794	50.93380861079725	73.63485408626237	1.0	1.0	1.0	226.02264702700444	8.897096269736611	17.269887618821656	13.891204260289669	2841041.0	2.778240852057934	42.562649853527546	16.543798734212977	0.2402113403600672	104.00540778280066	364.32467705853634	356.7261254042387	18544.0	207.93188009057192	547.1467534042895	104.36546667158659	-0.0005135878900315305	64.00966482949396	718.3503300348343	718.3975195251405	19432.0	609.7432980420068	824.5513242414222	64.94240158299813	0.2158067327536446	56.924940022111095	998.8806116365178	1000.0000122897327	215895.0	899.7610823474824	1093.9045530892909	58.924201783462856	0.1581747829914093	0.44317427277565	0.5012021660804749	0.4320178597148207
sub-235_T1w	0.6602544510574462	1.9709431025151323	0.6209477155167591	119.40680878444334	3.258566666666667	3.2079	3.24048	3.32732	0.18284795083896893	0.4218795315104116	0.3952725176506195	1.156327486038208	0.4711519002914428	0.0	0.0017361842947428133	30.152469954326367	13.923430156745795	17.291796557153575	176	256	256	2.9569032845813226	9.430878146972217	8.390514882528338	12.783763216031478	5.53604076175594	11.574410523354944	10.775408656384647	15.215774684043058	1.0	1.0	1.0	4.100872193948792	43.05934354774677	74.19102186731061	66.10041949898005	3419290.0	16.233989037573338	160.35345289856195	46.03350976235968	-0.044502965361582714	122.67850708886346	380.1618195432795	363.860547542572	13419.0	202.47962698340416	601.616564206779	123.05001368313154	-0.15816977079880568	81.04093431863662	761.2946942161863	760.7370559126139	14167.0	629.8376759514213	895.773705653846	80.66165151032295	0.18310219899779856	76.97873209715107	999.7416634402048	1000.0685229897499	215008.0	871.4295718818903	1127.5430107489228	78.22940556961329	0.17559519410133362	0.4491405785083771	0.5239139199256897	0.41137383858210197
sub-236_T1w	0.4848271879985183	2.8397367258079953	0.5750122084973406	2205.28214119352	3.53763	3.55362	3.51618	3.54309	0.19617868687897877	0.434856854357266	0.3689644587637552	1.2868680953979492	0.4128834307193756	6.031048936479348e-06	0.004385796956420143	31.20857208966803	15.053088752080747	20.39094994289455	176	256	256	3.0186912522102967	11.335816044279031	10.148026361399701	16.089571787709776	24.4508466977554	49.685935792036	47.081083297316916	67.10646740215935	1.0	1.0	1.0	243.05420573509377	9.763220653073963	17.100995367962607	13.229710575193167	3413702.0	3.262933101505041	41.646891586482525	15.102667445418557	-0.40682884035401523	122.6119782917577	389.210184065836	364.3806383535266	14933.0	226.43569203317165	609.005699276179	120.7041088967124	-0.03290279777690053	65.35200851562121	739.9747046785762	740.4485098160803	15435.0	630.695305492729	846.2861944176257	65.31726701571692	0.1431161507383143	60.51437666049447	999.4020219504447	1000.0593325830996	178794.0	895.5861472785473	1100.4983460530639	62.155571888044044	0.1765819489955902	0.45637109875679016	0.507284939289093	0.39606682173821106
sub-237_T1w	0.46642213584359243	2.900680748297829	0.5744398916916206	1598.5050222726877	3.6817266666666666	3.65294	3.70133	3.69091	0.20815371459658966	0.43515376567142927	0.3566925197319811	1.5805166959762573	0.5297983884811401	2.1209254749206623e-06	0.004033795638771946	25.110817646762033	12.778525232497758	18.071025819826016	176	256	256	3.0097411987864655	11.051039783838034	10.283801044734163	16.790622151577995	25.698118251973828	52.11378926157494	49.51114027628275	70.72151331529948	1.0	1.0	1.0	219.7403432176184	9.264139164172585	17.606736218805835	15.306122615933418	3077771.0	3.0382940024137497	42.650768637657166	15.322824973162984	-0.6056341967039116	129.1879956838746	389.3881049417163	363.39142794907093	24550.0	227.58541867136955	600.1232580937444	120.73597124324417	0.0662475171343706	64.9339662516317	738.0479385793341	736.9296113401651	16975.0	629.0243132129311	851.5191562727092	66.6822234932858	0.26264346732390065	57.79462964804915	998.9968313468015	1000.0573372095823	208049.0	898.9337406009436	1094.680131179093	59.560326279804606	0.1661929190158844	0.4435485899448395	0.5071345567703247	0.43729659958338085
sub-238_T1w	0.5125380336868142	2.6652555468675247	0.5749275556132853	944.0639445498533	3.62979	3.57325	3.57069	3.74543	0.19221972931852296	0.4216127171152312	0.3861675535662459	1.3169676065444946	0.4811541140079496	0.0	0.003068300292290121	30.154654231873455	14.449862885001142	18.49303973718409	176	256	256	3.2940093717555676	10.811099641712847	9.902352280449056	15.601947827878757	17.594536595761415	32.14934735108579	30.968617579536584	43.16196879176254	1.0	1.0	1.0	60.320469736900115	15.178556176068012	23.64248808034026	20.970937605947256	2805425.0	5.284015774726868	54.766621831804514	17.60073825536552	2.430385917128464	134.8932976292496	411.4903220315343	407.63980028778315	18710.0	224.45508258081975	608.2425054104998	123.74855700260002	-0.09265116426555853	69.4867773329135	745.1352460147651	744.8535778280348	13558.0	633.8066838122904	860.1937346607447	68.89457435891076	0.4228043766658933	61.285460689392885	1000.3284014581174	999.9999853670597	197562.0	895.6434259077535	1105.7353426925838	64.09439805496255	0.15520846843719482	0.44790467619895935	0.49468886852264404	0.4479400379693779
